2.942199409008026123e-01
5.015760660171508789e-01
2.381153702735900879e-01
1.137256324291229248e-01
5.165103822946548462e-02
9.976644814014434814e-02
8.656537532806396484e-02
2.515785396099090576e-01
5.669892951846122742e-02
2.142383530735969543e-02
3.346034884452819824e-02
4.810169711709022522e-02
1.474580354988574982e-02
4.689394310116767883e-02
1.042441185563802719e-02
2.214817889034748077e-02
2.546926029026508331e-02
1.261857748031616211e-01
1.350088696926832199e-02
5.699735600501298904e-03
9.054895490407943726e-03
4.239963833242654800e-03
9.844701737165451050e-03
1.293352060019969940e-02
2.206275239586830139e-02
4.338509403169155121e-03
2.237077057361602783e-02
2.667829627171158791e-03
9.953344240784645081e-03
2.168826293200254440e-03
5.218736827373504639e-03
7.493564393371343613e-03
6.329176574945449829e-02
3.214768599718809128e-03
