4.700906109064817429e-03
1.863645613193511963e-01
1.227733958512544632e-02
1.612450811080634594e-03
6.064338231226429343e-05
4.700906109064817429e-03
2.209851845691446215e-05
3.473174944519996643e-02
1.507330744061619043e-04
2.209851845691446215e-05
7.580737928947200999e-06
5.367382545955479145e-04
2.936139367193391081e-07
1.612450811080634594e-03
7.449118015756539535e-07
6.064338595024310052e-05
1.038830603761198290e-07
6.472767330706119537e-03
1.850601165642729029e-06
1.038830603761198290e-07
7.580737928947200999e-06
2.936139651410485385e-07
3.563633654835030029e-08
2.599997742436244152e-06
1.616624649614095688e-04
1.409543481933894782e-09
5.367382545955479145e-04
3.677619986319768941e-09
2.209851845691446215e-05
9.145535884158562112e-09
7.449118015756539535e-07
4.883445314796119874e-10
1.206294400617480278e-03
2.272045840356895496e-08
